0.1581
0.07295
0.04938
0.03708
0.03057
0.02551
0.02251
0.01957
0.01777
0.01601
0.07328
0.03666
0.02492
0.01871
0.01598
0.01334
0.01192
0.01045
0.01317
0.01188
0.04885
0.02447
0.01705
0.01282
0.01112
0.009309
0.01132
0.009946
0.01131
0.01021
0.03725
0.01866
0.01326
0.009976
0.01184
0.009898
0.01082
0.009532
0.01098
0.009927
0.02995
0.01502
0.01105
0.008336
0.0108
0.009043
0.01042
0.009181
0.01021
0.009211
0.02548
0.01279
0.0116
0.008766
0.01102
0.009251
0.01015
0.008939
0.01019
0.009233
0.02195
0.01103
0.01132
0.008555
0.01039
0.008704
0.009962
0.008774
0.009787
0.008845
0.01659
0.008381
0.01103
0.008357
0.01034
0.0087
0.009659
0.008568
0.00967
0.008789
